,season,round,roster_id,previous_owner_id,owner_id
0,2022,1,1,1,9
1,2022,3,1,2,10
2,2023,1,1,1,10
3,2022,1,2,2,5
4,2022,3,2,6,9
5,2022,4,2,7,6
6,2022,5,2,2,7
7,2023,1,2,2,5
8,2023,2,2,7,9
9,2023,4,2,2,11
10,2024,4,2,2,11
11,2024,5,2,2,11
12,2023,2,3,3,10
13,2023,2,4,4,2
14,2022,3,5,2,10
15,2022,1,6,6,10
16,2022,2,6,6,2
17,2022,3,6,6,4
18,2022,4,6,6,4
19,2023,1,6,6,9
20,2023,2,6,6,4
21,2024,1,6,6,9
22,2022,1,7,1,11
23,2022,2,7,7,1
24,2022,3,7,7,1
25,2023,1,7,2,4
26,2023,3,7,7,9
27,2022,3,9,1,2
28,2022,1,10,1,8
29,2022,2,10,7,10
30,2022,3,10,10,7
31,2022,4,10,10,2
32,2022,4,11,11,1
33,2023,2,11,11,2
34,2023,5,11,11,2
35,2024,3,11,11,2
36,2022,2,12,6,4
